4
4
4
4
4
4
4
4
4
4
4
4
4
4
4
4
4
4
4
4
4
4
4
4
4
10
4
4
4
10
10
10
10
10
10
4
4
4
4
4
4
4
4
4
4
4
4
4
4
4
4
4
4
4
4
4
4
4
4
4
4
4
4
4
4
4
4
4
4
4
4
4
4
4
4
4
4
4
4
4
4
4
4
4
4
4
4
4
4
4
4
4
4
4
4
10
4
4
4
4
4
7
10
10
10
10
10
10
10
10
10
10
10
10
10
10
10
10
10
10
10
10
10
10
10
10
10
10
4
4
4
4
10
4
10
4
10
10
4
4
4
4
4
4
4
4
4
4
4
10
10
10
10
10
10
10
10
4
4
4
10
10
10
10
4
10
10
4
4
4
10
10
10
10
10
10
10
10
4
10
10
10
10
10
10
10
10
10
10
10
10
10
10
10
10
10
10
10
10
10
10
10
10
10
10
10
10
10
10
10
4
10
10
10
10
10
4
10
10
10
10
10
4
10
10
10
10
10
10
10
10
10
10
10
10
10
10
4
4
10
10
4
10
10
10
4
4
4
10
10
10
10
10
10
10
10
10
10
10
10
10
10
6
8
10
4
4
4
4
4
4
4
4
4
4
4
4
4
4
4
4
4
4
4
4
4
4
4
4
4
4
4
6
4
4
4
10
4
6
6
7
7
10
10
10
10
10
7
7
10
2
7
7
10
10
10
10
10
10
7
7
7
7
2
2
2
2
2
2
7
7
2
2
2
2
7
7
2
2
7
7
7
7
6
6
6
6
8
6
8
9
6
9
9
6
9
9
9
9
9
9
9
5
9
9
6
9
9
9
9
6
6
9
9
9
6
6
9
1
6
6
6
6
9
6
9
9
9
9
6
7
6
7
7
7
2
7
2
2
7
7
7
7
7
7
7
7
7
6
6
7
1
7
7
7
7
10
7
7
7
10
7
7
7
1
7
1
1
6
6
6
6
6
9
1
1
6
1
1
1
1
3
7
7
7
1
1
7
7
7
7
7
7
7
7
1
1
1
7
7
7
7
7
7
1
7
7
7
1
1
3
3
3
10
6
6
6
6
6
6
1
1
6
9
6
9
6
9
9
9
3
1
7
6
6
6
6
6
4
6
8
6
8
8
6
8
9
9
8
6
6
6
8
8
8
8
8
