7
1
1
7
1
1
1
1
1
7
1
1
7
7
7
7
7
1
7
7
7
7
7
7
7
4
7
4
7
7
7
7
7
4
4
7
7
7
7
7
7
1
7
7
7
7
1
7
7
7
7
7
1
7
7
7
7
7
7
7
7
7
7
1
1
7
1
7
7
7
7
7
1
1
1
1
7
7
7
7
7
1
1
7
7
7
7
1
1
1
7
7
7
1
7
4
7
1
7
1
1
2
2
4
4
4
4
4
4
4
7
7
7
7
4
4
4
4
4
4
4
4
4
7
7
4
4
4
7
7
7
7
4
7
7
7
7
7
7
7
7
7
7
7
1
7
7
1
7
4
4
7
4
7
7
7
4
7
7
7
7
7
7
4
7
7
7
7
7
7
7
7
7
7
7
4
7
7
7
7
7
7
7
7
4
4
4
4
4
4
4
7
7
7
7
4
4
4
7
4
4
4
4
4
4
4
4
4
4
4
7
7
7
7
7
7
7
4
4
4
4
4
7
4
4
7
4
4
4
7
4
4
7
4
7
4
4
7
7
4
7
7
7
4
4
1
7
7
7
7
4
4
4
4
7
4
4
4
4
4
4
4
9
14
1
1
1
1
7
1
1
1
1
1
1
1
1
1
1
7
1
1
1
1
1
1
1
1
1
1
1
1
0
1
1
0
2
1
0
0
5
5
2
4
4
4
4
5
2
4
5
2
2
2
4
7
4
4
4
2
2
2
5
10
10
10
10
10
10
5
5
10
10
10
10
5
5
10
10
5
5
5
5
9
9
9
0
14
9
14
8
0
8
8
0
8
8
8
8
8
12
12
13
8
8
8
8
12
8
8
0
0
8
8
12
0
0
12
12
3
0
8
0
8
3
3
8
8
8
0
2
9
3
5
2
10
5
10
6
5
5
2
2
2
3
3
2
6
3
3
3
6
3
3
3
3
7
2
3
3
2
5
2
3
12
3
6
6
3
3
3
3
3
3
12
6
3
6
6
6
12
11
2
3
6
6
6
3
5
3
2
2
3
3
3
6
6
6
3
3
3
3
3
3
6
3
3
3
6
6
11
11
11
0
3
3
0
0
0
0
3
6
0
8
8
8
8
8
8
8
11
6
5
9
0
0
0
9
1
0
14
0
9
14
0
9
8
9
14
9
9
9
9
14
14
14
14
